2022-12-12 16:27:33.323944 (181576) main____ INFO    ----------------------------------------
2022-12-12 16:27:33.324121 (181576) main____ INFO    JasperGold version info
2022-12-12 16:27:33.324144 (181576) main____ INFO      tool      : JasperGold 2018.06
2022-12-12 16:27:33.324164 (181576) main____ INFO      version   : 2018.06p002 64 bits
2022-12-12 16:27:33.324180 (181576) main____ INFO      build date: 2018.08.27 18:04:53 PDT
2022-12-12 16:27:33.324189 (181576) main____ INFO    ----------------------------------------
2022-12-12 16:27:33.324198 (181576) main____ INFO    Runtime info:
2022-12-12 16:27:33.324210 (181576) main____ INFO      platform  : Linux 3.10.0-957.21.3.el7.x86_64 x86_64
2022-12-12 16:27:33.324226 (181576) main____ INFO      hostname  : ee-mill3.ee.ic.ac.uk
2022-12-12 16:27:33.324236 (181576) main____ INFO      pid       : 181576
2022-12-12 16:27:33.324246 (181576) main____ INFO      arguments : '-style' 'windows' 'VGA.tcl'
2022-12-12 16:27:33.324255 (181576) main____ INFO    ----------------------------------------
2022-12-12 16:27:33.324264 (181576) main____ INFO    System resource limits info:
2022-12-12 16:27:33.324274 (181576) main____ INFO      virtual memory: unlimited
2022-12-12 16:27:33.324284 (181576) main____ INFO      cpu time      : unlimited
2022-12-12 16:27:33.324317 (181576) main____ INFO      stack size    : 8388608 B
2022-12-12 16:27:33.324332 (181576) main____ INFO      core file size: 0 B
2022-12-12 16:27:33.324355 (181576) main____ INFO      open files    : 1024
2022-12-12 16:27:33.324365 (181576) main____ INFO      file size     : unlimited
2022-12-12 16:27:33.324375 (181576) main____ INFO    ----------------------------------------
2022-12-12 16:27:33.324383 (181576) main____ INFO    Memory statistics:
2022-12-12 16:27:33.324392 (181576) main____ INFO      total physical memory  : 395962436 kB
2022-12-12 16:27:33.324401 (181576) main____ INFO      free physical memory   : 239213356 kB
2022-12-12 16:27:33.324410 (181576) main____ INFO      committed address space: 64310060 kB
2022-12-12 16:27:33.324419 (181576) main____ INFO    ----------------------------------------
2022-12-12 16:27:33.324479 (181576) main____ INFO    Important environment variables:
2022-12-12 16:27:33.324500 (181576) main____ INFO      DISPLAY        : 'localhost:13.0'
2022-12-12 16:27:33.324515 (181576) main____ INFO      LM_LICENSE_FILE: '5280@ee-llic01.ee.ic.ac.uk'
2022-12-12 16:27:33.324525 (181576) main____ INFO    ----------------------------------------
2022-12-12 16:27:33.325716 (181576) lic_core INFO    Initializing license system ...
2022-12-12 16:27:33.326827 (181576) lic_core INFO    ... license system initialized.
2022-12-12 16:27:33.329409 (181576) lic__man INFO    Claim 'main' for <ui>.
2022-12-12 16:27:33.329495 (181576) lic_core INFO    (1) checking out 'jasper_interactive' ...
2022-12-12 16:27:33.357540 (181576) lic_core INFO    ... (1) checkout succeeded
2022-12-12 16:27:33.357729 (181576) lic__man INFO    Claim 'fpv' for <ui>.
2022-12-12 16:27:33.357786 (181576) lic_core INFO    (2) checking out 'jasper_fpv' ...
2022-12-12 16:27:33.368111 (181576) lic_core INFO    ... (2) checkout failed (error: -5) ("FLEXnet ERROR(-5, 0, 0): No such feature exists.")
2022-12-12 16:27:33.368178 (181576) lic_core INFO    (3) checking out 'jasper_fao' ...
2022-12-12 16:27:33.389194 (181576) lic_core INFO    ... (3) checkout succeeded
2022-12-12 16:27:35.450803 (181576) lic__man INFO    Claim 'fpv' for <ui>.
2022-12-12 16:27:35.923522 (181576) lic__man INFO    Unclaim 'fpv' for <ui>.
2022-12-12 16:27:35.923586 (181576) lic__man INFO    Claim 'fpv' for <ui>.
2022-12-12 16:27:35.953411 (181576) session_ INFO    Starting analysis session with session id 'session_0' ...
2022-12-12 16:27:35.955753 (181576) session_ INFO    Analysis session with session id 'session_0' started (pid: 181842)
2022-12-12 16:27:39.633427 (181576) session_ INFO    Analysis session 'session_0' connected to the console (host: 146.179.44.6:37656)
2022-12-12 16:27:40.733466 (181576) lic__man INFO    Unclaim everything for 'session_0'.
2022-12-12 16:27:41.773171 (181576) lic__man INFO    Unclaim everything for 'session_0'.
2022-12-12 16:27:49.762023 (181576) lic__man INFO    Claim 'fpv' for 'session_0/prove-0'.
2022-12-12 16:28:29.383430 (181576) lic__man INFO    Unclaim everything for 'session_0/prove-0'.
2022-12-12 16:28:29.642266 (181576) main____ INFO    About to exit: requested from GUI
2022-12-12 16:28:29.855205 (181576) session_ INFO    Analysis session 'session_0' disconnected.
2022-12-12 16:28:29.858633 (181576) main____ INFO    Exiting with status 0.
